57
64
20
44
95
91
86
27
8
85
90
59
66
72
32
10
63
34
1
78
36
20
56
35
38
47
78
90
5
100
61
49
4
79
10
1
37
20
35
96
48
83
91
34
10
28
88
86
83
90
10
58
10
49
88
39
68
23
69
80
37
7
82
3
16
87
56
10
84
96
13
70
77
29
82
62
44
63
49
93
94
74
53
34
49
50
65
14
69
89
64
10
37
98
97
29
69
38
35
6
49
22
48
56
42
77
58
72
71
51
3
64
66
52
92
63
27
44
65
67
9
61
94
57
0
25
52
79
90
26
76
38
80
80
39
81
74
90
78
78
15
39
22
1
71
83
89
69
48
48
23
17
82
23
50
76
87
91
14
19
1
56
83
28
34
86
85
59
19
17
81
63
88
14
11
32
1
52
14
88
47
78
45
5
70
43
22
88
31
18
14
24
60
90
90
24
88
31
24
88
53
47
46
53
59
51
58
68
3
39
59
54
80
42
87
97
62
1
19
4
59
27
73
6
55
46
17
20
39
38
42
2
45
99
2
91
50
6
14
66
91
73
14
14
29
65
65
89
8
79
14
8
32
49
30
68
94
83
58
27
49
60
56
19
45
7
80
26
58
18
17
3
79
43
77
62
12
92
35
53
33
30
11
50
32
70
23
94
88
98
70
93
73
9
68
20
3
81
6
73
31
56
9
17
68
12
73
56
33
59
94
50
7
50
28
60
45
89
2
69
89
19
57
26
65
48
25
75
54
4
83
80
90
48
90
94
78
12
9
27
66
53
81
4
63
89
100
76
52
67
30
100
88
67
60
74
77
17
18
51
13
98
6
73
89
51
7
83
65
40
18
45
26
52
12
91
54
97
36
59
56
89
83
88
8
10
38
75
20
93
91
56
77
73
100
74
87
62
51
69
90
41
19
27
34
6
84
82
93
14
6
52
33
19
66
53
20
5
24
20
96
72
39
99
26
55
27
25
38
17
76
65
2
21
18
49
62
92
86
2
13
63
28
61
8
4
71
71
81
87
75
76
88
72
76
22
28
1
81
32
79
61
26
24
78
51
11
94
75
35
41
51
59
42
30
49
74
0
47
83
6
66
19
59
93
37
5
50
25
80
50
29
9
93
71
54
2
27
35
36
0
91
86
86
5
64
45
48
1
82
4
70
21
32
10
88
2
40
90
75
8
86
34
37
34
64
95
65
42
63
90
7
44
70
60
56
10
33
15
52
36
74
8
24
55
86
5
19
36
55
15
54
12
6
6
55
100
51
31
3
98
37
33
12
70
69
53
56
59
83
61
0
45
69
4
81
41
35
51
18
17
47
30
25
4
72
40
97
55
67
65
78
4
66
90
100
33
83
22
25
41
70
57
67
50
64
97
23
93
4
95
89
70
21
52
20
84
9
4
94
80
28
97
99
25
38
87
31
74
42
69
10
94
54
73
75
10
15
56
75
55
63
31
70
91
73
91
30
48
21
81
52
67
56
75
61
52
73
17
24
60
47
12
100
29
0
25
90
3
87
55
34
37
34
20
93
44
30
61
13
2
1
79
8
32
65
78
85
91
7
30
54
98
13
63
54
72
7
97
96
71
36
99
92
43
63
92
95
97
6
85
78
32
3
10
100
29
52
39
15
73
3
97
9
85
89
61
84
17
14
51
94
35
8
37
0
17
23
32
72
40
36
20
74
24
55
30
68
74
43
32
78
75
93
88
74
70
14
40
14
91
41
70
75
63
61
21
18
37
24
23
53
60
28
33
69
49
48
69
80
12
74
35
53
54
27
61
51
52
55
61
30
32
40
1
15
42
58
71
38
67
48
89
76
49
70
76
25
55
15
58
85
40
86
49
13
12
50
78
88
18
76
69
16
14
79
39
91
51
10
78
30
71
96
1
48
81
69
36
59
61
84
61
49
55
68
69
74
28
61
47
9
91
52
26
72
88
67
47
60
14
35
61
34
53
91
29
55
80
93
95
43
27
39
52
27
29
41
70
44
55
4
85
15
44
24
25
17
90
55
73
90
70
70
24
25
49
27
41
7
25
12
82
19
21
43
31
50
22
20
45
24
88
26
75
23
70
29
87
52
50
64
20
0
100
73
67
42
90
79
84
42
88
33
80
17
35
23
4
78
71
95
30
67
95
72
15
41
66
100
66
63
24
63
33
19
0
10
87
45
40
75
18
29
29
2
65
27
91
51
52
72
55
70
81
88
20
34
87
85
18
70
74
14
93
83
39
68
88
95
18
37
49
17
67
61
68
12
43
34
